[soe][BassEnhancer#0]
amount=5.999999999999995
harmonics=8.000000000000002
inputGain=-1.1
scope=60
