[soe][Equalizer#0]
inputGain=-2.2
numBands=10

[soe][Equalizer#0#left]
band0Frequency=105
band0Gain=2.44
band0Mode=6
band0Q=0.6666666865348816
band0Type=5
band10Type=0
band11Type=0
band12Type=0
band13Type=0
band14Type=0
band15Type=0
band16Type=0
band17Type=0
band18Type=0
band19Type=0
band1Frequency=48.099998474121094
band1Gain=-0.8999999761581421
band1Mode=6
band1Q=2.3299999237060547
band20Type=0
band21Type=0
band22Type=0
band23Type=0
band24Type=0
band25Type=0
band26Type=0
band27Type=0
band28Type=0
band29Type=0
band2Frequency=85.5999984741211
band2Gain=0.78
band2Mode=6
band2Q=4.429999828338623
band30Type=0
band31Type=0
band3Frequency=132.60000610351562
band3Gain=-3.22
band3Mode=6
band3Q=1.5099999904632568
band4Frequency=250.39999389648438
band4Gain=3.22
band4Mode=6
band4Q=2.4000000953674316
band5Frequency=478.6000061035156
band5Gain=1.7000000476837158
band5Mode=6
band5Q=0.8199999928474426
band6Frequency=2383.60009765625
band6Gain=-2.54
band6Mode=6
band6Q=3.1500000953674316
band7Frequency=3230.199951171875
band7Gain=3.12
band7Mode=6
band7Q=1.8200000524520874
band8Frequency=6026.7998046875
band8Gain=-7.51
band8Mode=6
band8Q=2.0299999713897705
band9Frequency=10000
band9Gain=-4.599999904632568
band9Mode=6
band9Q=0.6666666865348816
band9Type=3

[soe][Equalizer#0#right]
band0Frequency=105
band0Gain=2.44
band0Mode=6
band0Q=0.6666666865348816
band0Type=5
band10Type=0
band11Type=0
band12Type=0
band13Type=0
band14Type=0
band15Type=0
band16Type=0
band17Type=0
band18Type=0
band19Type=0
band1Frequency=48.099998474121094
band1Gain=-0.8999999761581421
band1Mode=6
band1Q=2.3299999237060547
band20Type=0
band21Type=0
band22Type=0
band23Type=0
band24Type=0
band25Type=0
band26Type=0
band27Type=0
band28Type=0
band29Type=0
band2Frequency=85.5999984741211
band2Gain=0.78
band2Mode=6
band2Q=4.429999828338623
band30Type=0
band31Type=0
band3Frequency=132.60000610351562
band3Gain=-3.22
band3Mode=6
band3Q=1.5099999904632568
band4Frequency=250.39999389648438
band4Gain=3.22
band4Mode=6
band4Q=2.4000000953674316
band5Frequency=478.6000061035156
band5Gain=1.7000000476837158
band5Mode=6
band5Q=0.8199999928474426
band6Frequency=2383.60009765625
band6Gain=-2.54
band6Mode=6
band6Q=3.1500000953674316
band7Frequency=3230.199951171875
band7Gain=3.12
band7Mode=6
band7Q=1.8200000524520874
band8Frequency=6026.7998046875
band8Gain=-7.51
band8Mode=6
band8Q=2.0299999713897705
band9Frequency=10000
band9Gain=-4.599999904632568
band9Mode=6
band9Q=0.6666666865348816
band9Type=3
